14930352.
9227465.
701408733.
514229.
1346269.
14930352.
9227465.
3524578.
121393.
701408733.
514229.
14930352.
9227465.
3524578.
1346269.
121393.
701408733.
24157817.
14930352.
514229.
1346269.
14930352.
9227465.
701408733.
514229.
14930352.
1346269.
9227465.
63245986.
701408733.
4807526976.
14930352.
9227465.
63245986.
4807526976.
14930352.
9227465.
63245986.
1134903170.
3524578.
121393.
1134903170.
514229.
5702887.
433494437.
1134903170.
12586269025.
514229.
102334155.
2178309.
9227465.
1836311903.
39088169.
165580141.
832040.
514229.
1134903170.
3524578.
832040.
1134903170.
433494437.
121393.
5702887.
63245986.
